{"0": [{"cam_R_m2c": [0.47604984711069426, -0.7177624350952697, 0.5081275723988958, -0.27135276824890003, 0.42971775604874796, 0.8612260593480044, -0.8365071537228767, -0.5478683572743926, 0.009800248359578009], "cam_t_m2c": [-84.47230774885698, 221.98203543167423, 1070.1414071851507], "obj_id": 473}, {"cam_R_m2c": [-0.1127059287602488, 0.9527400259174761, -0.28210603793092925, 0.1467224433634265, -0.2648449898855954, -0.9530633011222255, -0.9827359249746495, -0.14880717169308805, -0.10993874393019129], "cam_t_m2c": [-208.95556902237797, -78.63702765248867, 1036.2236737628111], "obj_id": 475}, {"cam_R_m2c": [-0.7936853374064307, -0.5997113118372686, -0.10202905292357264, -0.2702750257449213, 0.1973746488045024, 0.9423346849542629, -0.5449908216150461, 0.7754931272833694, -0.31874035497821274], "cam_t_m2c": [219.4091755833502, -7.138065143244945, 1049.1098662477877], "obj_id": 482}, {"cam_R_m2c": [0.17524346967562773, -0.2437114726324643, -0.9538838736677465, -0.4949361670878382, -0.8593554978652642, 0.1286324951058531, -0.8510745659720123, 0.4495696235246274, -0.2712180612707778], "cam_t_m2c": [114.4838950780793, -10.60213328257323, 1067.054965514534], "obj_id": 416}, {"cam_R_m2c": [0.11497042848666464, 0.87941869553942, 0.4619573124319378, -0.4735512791007159, 0.45731943447181556, -0.7527337649637128, -0.8732302025443663, -0.1322183526978136, 0.4690280594742793], "cam_t_m2c": [-173.93435297187773, 233.67062782249647, 1106.4556888018396], "obj_id": 417}, {"cam_R_m2c": [-0.17299278912734942, -0.973217884782875, 0.15139499215195487, 0.45644243320412964, -0.21542703463143406, -0.8632795016219263, 0.8727736247622497, -0.08023803018928719, 0.4814852629423978], "cam_t_m2c": [5.074588147720336, 262.03198026651273, 1119.3119836759702], "obj_id": 418}, {"cam_R_m2c": [-0.1728192562612439, 0.9831469743903158, -0.05962827695362987, 0.9157803572537151, 0.18267439092835885, 0.35773789870129025, 0.3626014919075416, 0.007217592818999131, -0.9319163398182951], "cam_t_m2c": [-225.23835640112378, -75.15929966214483, 1087.6770330490879], "obj_id": 578}, {"cam_R_m2c": [-0.14033259666311115, 0.9839053418405727, 0.11062115806379978, 0.8480994879082746, 0.17710627380449478, -0.49936021706660627, -0.5109148861831186, 0.023741231574517206, -0.8593033998535171], "cam_t_m2c": [-229.97385166991057, -48.72758512534973, 1060.1240936944262], "obj_id": 579}], "1": [{"cam_R_m2c": [0.48506381427749806, -0.7093710282973292, 0.5113764174176962, -0.30557354637897755, 0.4104186103427482, 0.8591748204164896, -0.8193521244446401, -0.5730177209273042, -0.01768580423199938], "cam_t_m2c": [-85.87274884248781, 214.1022628609368, 1056.6867637713708], "obj_id": 473}, {"cam_R_m2c": [-0.10021926582471845, 0.9534159308725993, -0.28452444801092375, 0.10849839528008651, -0.27378656306666826, -0.9556510953825232, -0.9890319494228812, -0.12664509719095976, -0.07600541019093252], "cam_t_m2c": [-211.12515070714872, -87.1797203892053, 1033.0368491120082], "obj_id": 475}, {"cam_R_m2c": [-0.7880931517852074, -0.6082694279490183, -0.09443244745240877, -0.28865545433374984, 0.22969264564743708, 0.9294726016504341, -0.5436793290099008, 0.7597694331559238, -0.3565994891321209], "cam_t_m2c": [217.33184128278003, -16.72230599565671, 1048.3622786233445], "obj_id": 482}, {"cam_R_m2c": [0.18357325120230522, -0.2525353985363957, -0.9500140703848038, -0.5285075894964202, -0.8402283579829928, 0.12122720109736472, -0.828842921962721, 0.4798355748871518, -0.2877103261702984], "cam_t_m2c": [112.18412105032353, -19.115385649261164, 1065.1423544445568], "obj_id": 416}, {"cam_R_m2c": [0.1236579509833282, 0.8827580258570776, 0.45326259380575673, -0.5077974873678391, 0.44872416491411443, -0.7353831216753834, -0.8525552316310777, -0.1392296362382898, 0.5037506182740018], "cam_t_m2c": [-175.72088793775123, 227.51598203372876, 1091.417036099305], "obj_id": 417}, {"cam_R_m2c": [-0.18173779428070466, -0.9730202527500258, 0.1421371234697848, 0.49088596220777947, -0.21501632660950984, -0.844274215760908, 0.8520577129733226, -0.08366341512054823, 0.5167185759512047], "cam_t_m2c": [3.230151035188691, 255.73597658844966, 1105.3457542363392], "obj_id": 418}, {"cam_R_m2c": [-0.1735701945019264, 0.9837028737233008, -0.04692593961835213, 0.9298796741943215, 0.179393583581263, 0.3211568677299912, 0.3243411461730268, 0.012107782553948822, -0.9458626869164452], "cam_t_m2c": [-228.01573646524577, -81.63210297611913, 1084.111343651116], "obj_id": 578}, {"cam_R_m2c": [-0.13077943819554116, 0.9842391094880993, 0.11903828753529315, 0.827914412852653, 0.17447451881181067, -0.5330256722487505, -0.5453938609263067, 0.02884471597127531, -0.837683423988102], "cam_t_m2c": [-232.31268169311562, -56.28386176816786, 1055.489187106767], "obj_id": 579}], "2": [{"cam_R_m2c": [0.48091172091748063, -0.7211668439232173, 0.4986404515379943, -0.24915338427798428, 0.43287023464562097, 0.8663405514349868, -0.8406226905021178, -0.5408712815297877, 0.0284912096848306], "cam_t_m2c": [-86.33954029248467, 197.27283548805914, 1056.5179877873975], "obj_id": 473}, {"cam_R_m2c": [-0.11205070631026953, 0.9559226385098515, -0.27139739939756863, 0.16535210396007186, -0.25137328735846204, -0.9536614452302276, -0.9798486214366846, -0.15173456951859693, -0.1298972651046167], "cam_t_m2c": [-207.44455988788656, -103.93737401807984, 1016.2153825928739], "obj_id": 475}, {"cam_R_m2c": [-0.7894247331404942, -0.6036151617709562, -0.11161239709951676, -0.26782356303391813, 0.17508176082134405, 0.9474264700289318, -0.5523396869589374, 0.7778143181427933, -0.29987623564094756], "cam_t_m2c": [220.0806787707505, -28.047295232143796, 1031.622402730742], "obj_id": 482}, {"cam_R_m2c": [0.18260646660910065, -0.23531555866183287, -0.9546106359161474, -0.47566273158124833, -0.870888110827968, 0.12368857749676045, -0.8604649000030199, 0.43148636857979406, -0.27096064214682297], "cam_t_m2c": [115.1587290652593, -33.01789649756075, 1049.229743186804], "obj_id": 416}, {"cam_R_m2c": [0.12215381844548491, 0.8746581278297478, 0.4690965828702544, -0.4544921376497259, 0.4694647813229044, -0.7569938678166496, -0.8823351638996241, -0.12073101721926208, 0.45487215789431684], "cam_t_m2c": [-176.0073402396808, 207.24758001957622, 1092.835998485416], "obj_id": 417}, {"cam_R_m2c": [-0.17998410885118032, -0.9706132913514147, 0.15973590458323253, 0.4367643791231963, -0.22435754983250356, -0.8711489924015784, 0.8813867469449365, -0.08702602188502442, 0.46431010523646027], "cam_t_m2c": [2.6502538389094368, 237.29306211840705, 1106.7134879774874], "obj_id": 418}, {"cam_R_m2c": [-0.18367086785747436, 0.981068058857693, -0.061404203354990944, 0.9063121579981752, 0.19320027759568656, 0.3758615769158156, 0.38060909679772426, 0.013383445973586594, -0.9246391722227092], "cam_t_m2c": [-223.88249365438602, -101.67988910876304, 1067.687414163537], "obj_id": 578}, {"cam_R_m2c": [-0.14844040341790438, 0.9818494466932108, 0.1180555405788617, 0.8566894790505889, 0.18730734878679567, -0.4806236506607748, -0.49401273578437044, 0.029792970961269344, -0.8689440694107649], "cam_t_m2c": [-228.8439644876006, -74.74893749848671, 1040.6627482375143], "obj_id": 579}], "3": [{"cam_R_m2c": [0.47586369179664206, -0.7255590259604262, 0.49710949163844315, -0.24896577022495092, 0.43096551824643514, 0.8673435117292823, -0.843545963232575, -0.5365005330192543, 0.024441480807892838], "cam_t_m2c": [-83.21292892465291, 202.32867542127542, 1053.5086970454531], "obj_id": 473}, {"cam_R_m2c": [-0.11881675355213943, 0.9553975575030947, -0.2703665774323498, 0.16424874322482366, -0.2496320294037771, -0.954309279135882, -0.9792369117963335, -0.15779530098486566, -0.12726238078355986], "cam_t_m2c": [-203.9867670437889, -99.15499183705094, 1014.2710305775802], "obj_id": 475}, {"cam_R_m2c": [-0.7925104598481744, -0.5988313271796548, -0.11544787836728837, -0.26987103327706363, 0.17459674025994482, 0.9469348465911157, -0.5468974277039771, 0.7816118089428239, -0.2999769719360476], "cam_t_m2c": [223.48021645879768, -22.411564665384354, 1026.7983774210109], "obj_id": 482}, {"cam_R_m2c": [0.17788118135591918, -0.23075727378239508, -0.9566134882573856, -0.4760783277318215, -0.8709594290842632, 0.12156931666050072, -0.8612245416751065, 0.4337980561110748, -0.26478582917286014], "cam_t_m2c": [118.68630651292884, -27.572351476675127, 1045.0998408221333], "obj_id": 416}, {"cam_R_m2c": [0.11724444726758912, 0.8729188858496567, 0.47356769137253696, -0.4550462164719954, 0.47107269250058426, -0.7556609419936717, -0.882715515021372, -0.12689813673669548, 0.45244909374792175], "cam_t_m2c": [-172.65945695517905, 212.16001767782203, 1090.4068150139854], "obj_id": 417}, {"cam_R_m2c": [-0.1750446906309488, -0.9707207127999269, 0.16450122802922162, 0.43720406832536596, -0.22634168888498676, -0.8704148680442227, 0.8821632269153292, -0.08044089515848499, 0.4640229557515861], "cam_t_m2c": [6.025994316200062, 242.5688107053253, 1103.0822416994329], "obj_id": 418}, {"cam_R_m2c": [-0.18294914908665663, 0.9807523741220451, -0.06822308628626182, 0.906292274996598, 0.195138665072383, 0.37490694002013697, 0.38100383348460654, 0.006758849585701471, -0.9245487530802886], "cam_t_m2c": [-220.09030743668205, -96.88341578500142, 1065.8480396774992], "obj_id": 578}, {"cam_R_m2c": [-0.1533728188640296, 0.9816532521049756, 0.11328579374939354, 0.8559508082405409, 0.18926207075528984, -0.4811736510302524, -0.4937863832732376, 0.02316810750035793, -0.8692745518469898], "cam_t_m2c": [-225.28241114555325, -69.9866222770692, 1038.8326834158286], "obj_id": 579}], "4": [{"cam_R_m2c": [0.4662192504929202, -0.7325351398181497, 0.4960160072028184, -0.24629659448831243, 0.43103549718437856, 0.8680704969704247, -0.8496926491463163, -0.5268782298583077, 0.020536136152908085], "cam_t_m2c": [-83.93524180771207, 197.90943533272235, 1051.6912197748043], "obj_id": 473}, {"cam_R_m2c": [-0.13066888620636463, 0.953847062649945, -0.2703727487223725, 0.16628447839979923, -0.24776239107334908, -0.9544439584454145, -0.977381764931656, -0.16967492049127308, -0.12623512560054598], "cam_t_m2c": [-204.69704503106416, -103.67487219800549, 1013.1969552558362], "obj_id": 475}, {"cam_R_m2c": [-0.7985160809312775, -0.5897965620946332, -0.12046611073461408, -0.2698805914785977, 0.1718741383385714, 0.947430074946697, -0.5380859920471235, 0.7890496156210609, -0.29641890838969714], "cam_t_m2c": [222.76862808176796, -26.28446104636252, 1020.8345327357733], "obj_id": 482}, {"cam_R_m2c": [0.1684013873255356, -0.22424637673004966, -0.9598721452726415, -0.47383917335660747, -0.8723061771465347, 0.12065807517418536, -0.8643595377732372, 0.4345060365926563, -0.25315428818208974], "cam_t_m2c": [118.20712270856377, -31.652453327727876, 1040.3644353938428], "obj_id": 416}, {"cam_R_m2c": [0.10748160618413062, 0.8706206617963317, 0.4800701694392178, -0.45285418256918086, 0.4727390123523921, -0.7559371108297799, -0.885082365467579, -0.136152449311068, 0.44507495647915174], "cam_t_m2c": [-172.95335765992388, 207.51553610240578, 1089.6689192183683], "obj_id": 417}, {"cam_R_m2c": [-0.16525654348538282, -0.9712530309107072, 0.17134125242343953, 0.4349219876375079, -0.22769261008860656, -0.8712054522215056, 0.8851740729962133, -0.06945232363144388, 0.46004699242304675], "cam_t_m2c": [5.822303471141363, 238.1778850047407, 1100.2960062155687], "obj_id": 418}, {"cam_R_m2c": [-0.17982877210941017, 0.9804592152817984, -0.07975800831643035, 0.9051342101381756, 0.1966729211472292, 0.3768976302989446, 0.38521899532495707, -0.004414663792079852, -0.9228146273138705], "cam_t_m2c": [-220.19169997542534, -101.54591033190515, 1064.9662041220004], "obj_id": 578}, {"cam_R_m2c": [-0.1605439056665819, 0.9815636338855784, 0.10372312657580524, 0.8568266424688447, 0.19076050229442454, -0.4790183039508445, -0.4899732228488451, 0.011969268888267702, -0.871655308876963], "cam_t_m2c": [-225.7453960833131, -74.59606612709302, 1038.0759219971399], "obj_id": 579}], "5": [{"cam_R_m2c": [0.46707023347644777, -0.7366162726566624, 0.48912356706426025, -0.24250461418579106, 0.4252444272464623, 0.871985486802638, -0.8503157702282503, -0.5258931868290735, 0.01998616891497798], "cam_t_m2c": [-96.88973754653986, 186.75216683639923, 1048.418531662972], "obj_id": 473}, {"cam_R_m2c": [-0.13324347607884002, 0.9555681407345906, -0.26293669294242117, 0.16532853224671173, -0.24015426469567575, -0.9565523538069707, -0.9771963223977052, -0.17092529819060925, -0.12598368914615887], "cam_t_m2c": [-215.29896523712148, -115.779415446167, 1010.0491091141841], "obj_id": 475}, {"cam_R_m2c": [-0.7970359158634672, -0.5901297063025436, -0.12837709516489917, -0.2761731613768147, 0.16710731424156888, 0.9464689801900924, -0.537086709720918, 0.7898240786822482, -0.2961685178659554], "cam_t_m2c": [211.5472634022324, -34.992954757166984, 1017.1452266085768], "obj_id": 482}, {"cam_R_m2c": [0.1710525561728936, -0.21674405082230808, -0.9611259227904947, -0.4724069054808752, -0.8741010830440825, 0.11304429342147032, -0.8646228881314123, 0.4347060076124029, -0.25190861093853884], "cam_t_m2c": [107.05694412575784, -41.194011678900466, 1036.8089219741712], "obj_id": 416}, {"cam_R_m2c": [0.10994124019521853, 0.8666582322828544, 0.486637886030977, -0.45190513559657813, 0.4796595115192732, -0.7521359594052939, -0.8852653117149583, -0.137223399700821, 0.4443816675435355], "cam_t_m2c": [-185.93252577223166, 195.64666154313784, 1086.511544221802], "obj_id": 417}, {"cam_R_m2c": [-0.16757159142579336, -0.9695002383735022, 0.1788548281169802, 0.4335140757648452, -0.23540248902565214, -0.8698570079468698, 0.8854294482683425, -0.06822723762732334, 0.4597387695039071], "cam_t_m2c": [-7.39282381528834, 227.72869569409735, 1096.9120029120047], "obj_id": 418}, {"cam_R_m2c": [-0.18652515877188328, 0.9788578209036186, -0.08393885632366908, 0.9036407629265816, 0.20446366794202817, 0.376334930705563, 0.385540836647165, -0.005654639466243439, -0.9226734462039725], "cam_t_m2c": [-230.74348991827955, -113.77841519627641, 1061.8384380730727], "obj_id": 578}, {"cam_R_m2c": [-0.16798196820486727, 0.9800302821056106, 0.10640819758843614, 0.8555672191167883, 0.19855873672933533, -0.47809953110332, -0.489680295632551, 0.010727265469408134, -0.8718360705114029], "cam_t_m2c": [-236.54587773802257, -86.87115422142024, 1034.9580266495607], "obj_id": 579}], "6": [{"cam_R_m2c": [0.4769747550231305, -0.7399570571047164, 0.474298046286883, -0.225477576426025, 0.41856221989040676, 0.8797531077577762, -0.8495027637386918, -0.5265635970339635, 0.03279988839885309], "cam_t_m2c": [-109.81048073324773, 176.97351573787344, 1039.2099212147107], "obj_id": 473}, {"cam_R_m2c": [-0.12918820124683666, 0.9606234262568889, -0.2459939868881194, 0.17363663801967802, -0.2223258177544184, -0.9593860269448795, -0.9762995066043278, -0.16665492397866538, -0.13807754965176436], "cam_t_m2c": [-222.86566382450079, -127.05799539863649, 996.763697829656], "obj_id": 475}, {"cam_R_m2c": [-0.7885399655687609, -0.5983299569850604, -0.1421477586003064, -0.283603340027223, 0.14869707846240343, 0.9473427702696198, -0.5456866025716969, 0.7873312145666651, -0.286941963370225], "cam_t_m2c": [202.507749941246, -39.2467954984788, 1007.7710613267916], "obj_id": 482}, {"cam_R_m2c": [0.18495628328804262, -0.20509319277224414, -0.9611076711538529, -0.46011573593409627, -0.8822412905456539, 0.09971867830140099, -0.8683804942639491, 0.4237771673118335, -0.2575426753900428], "cam_t_m2c": [98.00160463368395, -47.40148303050653, 1026.6206636856418], "obj_id": 416}, {"cam_R_m2c": [0.12365531325243496, 0.8594365231492505, 0.49606272403958257, -0.4404138833229008, 0.49549902818707353, -0.7486763816510436, -0.8892384240915879, -0.12589509816824854, 0.4397788641764436], "cam_t_m2c": [-199.25278325689166, 183.96977479290274, 1076.7590178137589], "obj_id": 417}, {"cam_R_m2c": [-0.18096927169773064, -0.9649227381379203, 0.19019524737914575, 0.42106373083374354, -0.2507843478819909, -0.8716722695106082, 0.8887943841393036, -0.07766157532413324, 0.45167822887605846], "cam_t_m2c": [-21.352237552382768, 218.9100931477494, 1088.7765725735228], "obj_id": 418}, {"cam_R_m2c": [-0.20431451298753253, 0.975311331792506, -0.0838056433647303, 0.8961848400262139, 0.22080625580506658, 0.38483415896271433, 0.3938379264238821, 0.0035218566773195584, -0.9191731524776413], "cam_t_m2c": [-238.70168978410726, -125.87470815202586, 1048.4598490571664], "obj_id": 578}, {"cam_R_m2c": [-0.17887638545400064, 0.9764684680859591, 0.12046812674219448, 0.8578902379117835, 0.21474496881002214, -0.46680717439478636, -0.4816924105926657, 0.019847649851913396, -0.8761155702147861], "cam_t_m2c": [-244.76669967086136, -98.77896129026418, 1021.8278931966984], "obj_id": 579}], "7": [{"cam_R_m2c": [0.47492528056224614, -0.7514773915789841, 0.4579603780115918, -0.21375909801196058, 0.40630012988513814, 0.8883846309298901, -0.8536703262384079, -0.5198095174205354, 0.032327073777865666], "cam_t_m2c": [-123.95410241328648, 172.02105633428823, 1036.2970727372033], "obj_id": 473}, {"cam_R_m2c": [-0.1395138622050788, 0.963382477289971, -0.2289761662341529, 0.17432084214413598, -0.20373158491461058, -0.9633824190332562, -0.9747554186804018, -0.17432052018867175, -0.13951426448349186], "cam_t_m2c": [-231.5996824161429, -133.93948068871055, 993.6485679820854], "obj_id": 475}, {"cam_R_m2c": [-0.7870358864217003, -0.5952697220766816, -0.1619520653254402, -0.2965880504088619, 0.13491615618404468, 0.94542750073983, -0.5409344154692867, 0.7921184184068004, -0.28273374291306486], "cam_t_m2c": [192.12291327958326, -38.20094731749424, 1001.8829557913505], "obj_id": 482}, {"cam_R_m2c": [0.18722397841956914, -0.18544333972598273, -0.9646543161444124, -0.45377139283636136, -0.887290847861601, 0.08250135965185111, -0.871228273730886, 0.4222862998634109, -0.2502710051116054], "cam_t_m2c": [87.92769338742445, -48.37495545747312, 1021.4581072561382], "obj_id": 416}, {"cam_R_m2c": [0.12541464649280937, 0.849065385695934, 0.51318528550427, -0.4351558570601469, 0.5119342879626689, -0.7406501636227425, -0.8915775605696564, -0.13042720429867802, 0.4336798333650051], "cam_t_m2c": [-213.23637303212814, 177.21768102822116, 1074.5132868594198], "obj_id": 417}, {"cam_R_m2c": [-0.18235777490197436, -0.960594668070076, 0.20977017330436723, 0.41473561256229663, -0.26858806849183664, -0.8693991149848278, 0.8914819199542859, -0.07154252678769352, 0.44737194062150976], "cam_t_m2c": [-35.938901285522284, 215.44987215098146, 1085.36490910304], "obj_id": 418}, {"cam_R_m2c": [-0.21819773818644844, 0.9710036473005561, -0.09768144132492973, 0.8909240833334346, 0.23904862044633796, 0.3861476852179544, 0.39830142453524275, -0.0027701970506106245, -0.9172504026826597], "cam_t_m2c": [-247.0787765073518, -133.2196431030807, 1045.4612249165139], "obj_id": 578}, {"cam_R_m2c": [-0.19841366193876578, 0.9723928064629223, 0.12281794940159263, 0.8559283797958565, 0.23295764785460202, -0.4616463397083201, -0.4775129604692288, 0.013526427658999408, -0.8785205793484272], "cam_t_m2c": [-253.8437961093008, -106.15694132007938, 1018.9646289489826], "obj_id": 579}], "8": [{"cam_R_m2c": [0.48600448023045856, -0.7553459023480332, 0.439604609850672, -0.20800997664685322, 0.38857541045196675, 0.897630770421483, -0.8488412659686749, -0.5276947206464414, 0.031729906879328314], "cam_t_m2c": [-135.24865368455252, 167.38005123624393, 1025.3997049723941], "obj_id": 473}, {"cam_R_m2c": [-0.1351727280872914, 0.9686804258932311, -0.2082944216074438, 0.1669648739623085, -0.18494844310113662, -0.9684610494269992, -0.9766529908028818, -0.16568737394806465, -0.13673561960954003], "cam_t_m2c": [-236.3309774264426, -140.8942020726967, 983.3561009266493], "obj_id": 475}, {"cam_R_m2c": [-0.7764946998738369, -0.6042291179252617, -0.17878242116919407, -0.31497925295944695, 0.12645954943633908, 0.9406359830250146, -0.5457509058837834, 0.7867116087917079, -0.28851480606619345], "cam_t_m2c": [185.28642844290562, -36.54346805550784, 994.5004894636814], "obj_id": 482}, {"cam_R_m2c": [0.20337216910651013, -0.17082970365546646, -0.9640834886989418, -0.4538870651969314, -0.8889160753527945, 0.061763606001557975, -0.8675403695966153, 0.42502402676600093, -0.2583181832387828], "cam_t_m2c": [81.16453644188753, -48.738688112992975, 1013.2954105530321], "obj_id": 416}, {"cam_R_m2c": [0.14136421466278387, 0.8395474265533286, 0.5245724710470997, -0.4366230268164778, 0.5284458355968236, -0.7280833271638512, -0.8884686214303791, -0.12611549233959807, 0.44126906907866253], "cam_t_m2c": [-224.92222856710558, 170.94047336758092, 1062.880115041264], "obj_id": 417}, {"cam_R_m2c": [-0.19787961062049067, -0.9543533463059743, 0.22372606038474102, 0.4150516973753214, -0.2883445548256537, -0.8628959996478492, 0.8880178760624979, -0.0778916433065154, 0.4531634845135516], "cam_t_m2c": [-48.528174724172366, 212.8107489350851, 1074.9577565271554], "obj_id": 418}, {"cam_R_m2c": [-0.23938706484660888, 0.9659554518093424, -0.0981014694279228, 0.8881392855328429, 0.2586804639239785, 0.3798592200767134, 0.3923040181763922, 0.003805614781649718, -0.9198277418184314], "cam_t_m2c": [-252.23757135016956, -140.24993319527218, 1035.040113212831], "obj_id": 578}, {"cam_R_m2c": [-0.2118571533253524, 0.9673365727042413, 0.13919950320921864, 0.8495197549523837, 0.25269402573601835, -0.46310032962951403, -0.4831487685284088, 0.020141610316447782, -0.8753065651549404], "cam_t_m2c": [-259.3358795700184, -113.4523157718211, 1008.3619079373749], "obj_id": 579}], "9": [{"cam_R_m2c": [0.49042538872569874, -0.7682472221278974, 0.41143546734089387, -0.21140246951201902, 0.35313493586768374, 0.9113751768366033, -0.8454536852941574, -0.5339399992157358, 0.010776978241941279], "cam_t_m2c": [-146.09722344965124, 176.60020431720554, 1012.3878988862722], "obj_id": 473}, {"cam_R_m2c": [-0.14242991362074148, 0.9736216467190792, -0.1782543372432963, 0.1411273736052149, -0.1582746509962088, -0.977257488726155, -0.9796921884578371, -0.16434726615337106, -0.11486162101690464], "cam_t_m2c": [-237.5971473349095, -135.52529793864605, 977.4057486103836], "obj_id": 475}, {"cam_R_m2c": [-0.7674609679584192, -0.6061805610860089, -0.2086834684918631, -0.3509639994034066, 0.12485923374339619, 0.9280271778734432, -0.5364959774155929, 0.7854650209337662, -0.3085721424665977], "cam_t_m2c": [180.58021841769192, -17.86625381620721, 985.0575540311884], "obj_id": 482}, {"cam_R_m2c": [0.21556692153645876, -0.14207697375121345, -0.9660978396979333, -0.466319927754811, -0.8842343522957502, 0.02598721221826203, -0.8579490820078103, 0.44490869147481005, -0.25686500137646534], "cam_t_m2c": [76.93065788685924, -32.883541616262136, 1004.4118949854195], "obj_id": 416}, {"cam_R_m2c": [0.15300514612887006, 0.8223665263944941, 0.5479988335060011, -0.45146161371666194, 0.5514472020894343, -0.7014901244123639, -0.8790744203982034, -0.14006883869579345, 0.4556411788106748], "cam_t_m2c": [-235.7570171471417, 178.1887488888986, 1050.036347687889], "obj_id": 417}, {"cam_R_m2c": [-0.20882041980768268, -0.9450527169937623, 0.2515340819333528, 0.42813487065381484, -0.3195902200366572, -0.8453180607245792, 0.8792579626034596, -0.06882916067796108, 0.4713469866656453], "cam_t_m2c": [-60.73036083373215, 225.7914488627334, 1060.6901810849681], "obj_id": 418}, {"cam_R_m2c": [-0.26614798508484394, 0.9574150631954088, -0.11190016444040882, 0.8886700389036982, 0.2886780967143273, 0.3562730952967053, 0.3734043545410036, -0.004620957033428891, -0.9276571752355046], "cam_t_m2c": [-253.40434879192014, -134.239242661522, 1029.1082667556404], "obj_id": 578}, {"cam_R_m2c": [-0.23931821841264675, 0.9590177039529989, 0.15169651888068075, 0.8316612270704781, 0.2830987366356256, -0.4776972981951414, -0.5010652589467978, 0.01183844669003076, -0.8653285257383715], "cam_t_m2c": [-261.3934195720852, -108.26973420975689, 1001.8688780928928], "obj_id": 579}], "10": [{"cam_R_m2c": [0.4819970286484108, -0.7874609170375809, 0.3841668498353797, -0.20972999456070518, 0.32201915965456496, 0.923210154946823, -0.8507010013839614, -0.5255558628287805, -0.009941895725707143], "cam_t_m2c": [-154.98868707205085, 180.29591103062793, 997.2653456436078], "obj_id": 473}, {"cam_R_m2c": [-0.16330279230623332, 0.9749618508883107, -0.15093570597263423, 0.1218176447404309, -0.13189224091853635, -0.9837504247599641, -0.9790263834314707, -0.1790358235045629, -0.09722918516146162], "cam_t_m2c": [-237.71376182584984, -134.9002494873159, 968.5206336233866], "obj_id": 475}, {"cam_R_m2c": [-0.7656978033287365, -0.596125180487713, -0.2415401481453045, -0.3817045373804795, 0.11888968215227237, 0.9166061802218315, -0.517695393180896, 0.7940403092200304, -0.318577254701361], "cam_t_m2c": [176.83413146373275, -4.813676210849334, 967.0931742914835], "obj_id": 482}, {"cam_R_m2c": [0.2146982999182092, -0.10799001464365826, -0.9706919164954015, -0.4728315684813847, -0.8811284454967637, -0.006555179929229327, -0.8545963654613016, 0.46038116737518153, -0.24023786726201596], "cam_t_m2c": [74.0250467456434, -22.59338972236763, 988.4827682977783], "obj_id": 416}, {"cam_R_m2c": [0.15136890589047547, 0.8030223144791355, 0.5764049069691322, -0.4601567706818579, 0.5733312010580478, -0.6778990192417838, -0.8748389570230459, -0.16262378774923616, 0.45630067163321913], "cam_t_m2c": [-243.99939336645357, 179.80722331261612, 1036.4528835375174], "obj_id": 417}, {"cam_R_m2c": [-0.2064515817567644, -0.9361282725903206, 0.2846780666774245, 0.435193993231658, -0.34843570170471694, -0.830179950391857, 0.8763469248221368, -0.04750177927833482, 0.4793325028831026], "cam_t_m2c": [-70.315438059763, 232.7265426488229, 1043.328997346939], "obj_id": 418}, {"cam_R_m2c": [-0.2861400620180625, 0.9481508622280076, -0.1383250062879719, 0.886023287598202, 0.3167807973277006, 0.33854491619001204, 0.36481035997073835, -0.025687913513800013, -0.9307274210838165], "cam_t_m2c": [-252.6663613022781, -133.29023905182996, 1020.4677179875168], "obj_id": 578}, {"cam_R_m2c": [-0.2725696174977549, 0.9502004328758528, 0.15107925396847682, 0.8164367148390024, 0.3115042471045092, -0.48620591800054125, -0.5090549030114759, -0.009178311304201929, -0.8606851133379602], "cam_t_m2c": [-261.891573073753, -107.98909904465795, 992.9909514749536], "obj_id": 579}], "11": [{"cam_R_m2c": [0.4804967802754275, -0.8007150385459187, 0.35774050817787006, -0.20575201344892347, 0.29360642659007286, 0.9335209559654911, -0.8525191804919504, -0.522159643510891, -0.023671788734957212], "cam_t_m2c": [-163.53819730241037, 178.33767649280747, 981.9096477987001], "obj_id": 473}, {"cam_R_m2c": [-0.17501123072899621, 0.9767512362662231, -0.12380667014001459, 0.10594151042558018, -0.10633520179212269, -0.9886704310479828, -0.9788500730385081, -0.1861446945584664, -0.08486864674464085], "cam_t_m2c": [-237.53552530880475, -139.37819675669166, 957.4283202075995], "obj_id": 475}, {"cam_R_m2c": [-0.7589436892098189, -0.5924814462510899, -0.27012999177585495, -0.4090854134358115, 0.11108099339502632, 0.9057097423680486, -0.5066099102096823, 0.7978889325931334, -0.32667973632098396], "cam_t_m2c": [173.1305794701061, 2.343541672121599, 950.8854416193412], "obj_id": 482}, {"cam_R_m2c": [0.22074109725198723, -0.07904683052112849, -0.9721239460935917, -0.47632772720042293, -0.8785004734662233, -0.036726208893856055, -0.8511082565009402, 0.4711565734489982, -0.23157335557384817], "cam_t_m2c": [71.05251662182114, -18.087685593397246, 973.3793270650212], "obj_id": 416}, {"cam_R_m2c": [0.1569079546824772, 0.7850331756819848, 0.599251872617868, -0.4656797189563852, 0.5938906684895893, -0.656076423317957, -0.8709318533100453, -0.1761158339265593, 0.4587601987207354], "cam_t_m2c": [-252.16276909597212, 175.7829898906837, 1021.8842225640876], "obj_id": 417}, {"cam_R_m2c": [-0.21124596462153203, -0.9262437852552254, 0.31216596980964284, 0.43918958642655337, -0.3752653133918411, -0.8162649396730189, 0.8732053879847477, -0.035332631390822884, 0.48606990809286854], "cam_t_m2c": [-79.99672059143568, 233.66340197795714, 1026.6340930933836], "obj_id": 418}, {"cam_R_m2c": [-0.3080312686042479, 0.9385360780991531, -0.15577794345895643, 0.8817029933698521, 0.34312706421344186, 0.3238265728548365, 0.3573745500797539, -0.037601169004519104, -0.9332039343277496], "cam_t_m2c": [-252.08541999228933, -137.5967997526698, 1009.4840511894279], "obj_id": 578}, {"cam_R_m2c": [-0.29992598041302504, 0.9408747539988997, 0.1574773112572042, 0.8025299834741356, 0.3380998384710131, -0.4915629408843559, -0.5157422145784532, -0.021052232978655022, -0.856485126308871], "cam_t_m2c": [-262.25757348548785, -112.88254768531087, 981.8081057866265], "obj_id": 579}], "12": [{"cam_R_m2c": [0.4710643411142483, -0.8162642659813963, 0.33438157038398075, -0.21368497050665697, 0.2621874033242929, 0.9410613683058269, -0.8558254027020777, -0.5147527694145234, -0.0509162692064645], "cam_t_m2c": [-164.3813536325863, 187.06012369374346, 968.130078064009], "obj_id": 473}, {"cam_R_m2c": [-0.1938827372692707, 0.9758099467353138, -0.10101698887528998, 0.07917099667082494, -0.08707140617398046, -0.9930511182779378, -0.9778248501010532, -0.20053308474997608, -0.06037420347744385], "cam_t_m2c": [-230.99341322638546, -132.82188437910685, 952.109762981165], "obj_id": 475}, {"cam_R_m2c": [-0.7570840999135275, -0.5816001203571645, -0.297598665418163, -0.43875369725075164, 0.11511788919846418, 0.8912031557031531, -0.4840649324284307, 0.8052882537247398, -0.3423331266559485], "cam_t_m2c": [175.92102900018182, 18.54481639669024, 935.2791770887773], "obj_id": 482}, {"cam_R_m2c": [0.2180564084223972, -0.049675181904188015, -0.9746711132729512, -0.49032390948702775, -0.869082798165412, -0.0654030100098521, -0.8438209919949159, 0.49216609618682533, -0.21386600298537517], "cam_t_m2c": [74.7627954438483, -3.8122699963013957, 959.9877447659143], "obj_id": 416}, {"cam_R_m2c": [0.15365977830935212, 0.7672365274204154, 0.6226851399558084, -0.4816723120643722, 0.6083879137343424, -0.6307582185057352, -0.8627748584193268, -0.20300802302824694, 0.4630413440133394], "cam_t_m2c": [-252.23656436669873, 183.29503733188838, 1009.6763636796122], "obj_id": 417}, {"cam_R_m2c": [-0.20728880736075256, -0.9172604585879612, 0.3400949888692343, 0.45394263780566074, -0.3981400027049473, -0.7971327491880786, 0.8665837708640739, -0.010853080535608062, 0.49891359844956423], "cam_t_m2c": [-81.48062844061646, 245.39207812300134, 1010.1448741903037], "obj_id": 418}, {"cam_R_m2c": [-0.3234639177438349, 0.9291135475845995, -0.17921805046521927, 0.8820249952555042, 0.3646383238716955, 0.298447316135646, 0.3426412141910895, -0.0615378619939153, -0.9374487131992222], "cam_t_m2c": [-244.71042144968425, -130.19452856012188, 1004.3554577840989], "obj_id": 578}, {"cam_R_m2c": [-0.32802073579294744, 0.9318506071872478, 0.15510268461446408, 0.7830175125831162, 0.36005057452141764, -0.5071953852066728, -0.528475138372659, -0.04492248514449919, -0.8477593989160124], "cam_t_m2c": [-255.94446410622484, -106.37480553490595, 976.3083189555122], "obj_id": 579}], "13": [{"cam_R_m2c": [0.4620533620472532, -0.8263551650465625, 0.3219376210101955, -0.22232407070271795, 0.24348961879889228, 0.9440788172199099, -0.8585328754375153, -0.5077892739493849, -0.07121344714974126], "cam_t_m2c": [-161.66328446210557, 193.72215269952125, 954.723161684518], "obj_id": 473}, {"cam_R_m2c": [-0.20807363196902937, 0.9740122889987977, -0.08947303816553562, 0.06029745141951609, -0.07852788267165958, -0.9950867243589606, -0.9762528263885089, -0.21244630503367293, -0.0423908769195872], "cam_t_m2c": [-224.50463934494314, -127.17350579676179, 944.963215878998], "obj_id": 475}, {"cam_R_m2c": [-0.7580562916926692, -0.5720294682082256, -0.3132617852956044, -0.45605996570655966, 0.12157732545958004, 0.8816055022592592, -0.46621879660188736, 0.8111727568376104, -0.35304219614598226], "cam_t_m2c": [180.23158135136424, 28.841620250404542, 920.0156284456232], "obj_id": 482}, {"cam_R_m2c": [0.21268952866618673, -0.03219966635411636, -0.9765891387284945, -0.5017877563266723, -0.861200400851841, -0.08088830059586255, -0.8384343814493785, 0.507244567303907, -0.19932570567860614], "cam_t_m2c": [79.70289949003141, 5.671773114604664, 946.482270692113], "obj_id": 416}, {"cam_R_m2c": [0.14793960156657077, 0.756795538426757, 0.6366901815684622, -0.4942434349732215, 0.614194052153354, -0.615214672521151, -0.8566430419224812, -0.22366532882143206, 0.464904849844573], "cam_t_m2c": [-248.89432439062904, 189.5865596397494, 997.530290996504], "obj_id": 417}, {"cam_R_m2c": [-0.20116329924561913, -0.912303281176108, 0.35670162628158764, 0.4659296375018068, -0.40942894419805265, -0.7843962726519703, 0.861651263524899, 0.008406117307048128, 0.5074312143116233], "cam_t_m2c": [-78.93280277684768, 253.76156658386338, 994.614594586527], "obj_id": 418}, {"cam_R_m2c": [-0.32973420069705545, 0.9235906628650135, -0.19559050171013792, 0.8836655891017158, 0.37485830392373426, 0.2803861241519286, 0.33228072999829256, -0.08038370138260584, -0.9397488904084098], "cam_t_m2c": [-237.54459690425605, -123.83298472463068, 997.3413827470446], "obj_id": 578}, {"cam_R_m2c": [-0.34485420614782963, 0.9266092570072056, 0.14990283963523643, 0.7699328760078122, 0.3705851581968045, -0.519490141356491, -0.5369161414452793, -0.06373323585702124, -0.8412247807231452], "cam_t_m2c": [-249.45258895119161, -100.6285031424404, 969.0575238202834], "obj_id": 579}], "14": [{"cam_R_m2c": [0.4525823262629529, -0.8326612819439251, 0.31913073732550223, -0.2429459380843909, 0.2292056503755894, 0.9425720349152097, -0.8579898071205244, -0.5041229605834344, -0.09855724980882621], "cam_t_m2c": [-161.38289741678224, 215.66852937477753, 940.2413531779257], "obj_id": 473}, {"cam_R_m2c": [-0.21944412637753757, 0.9716585203466684, -0.08788626306854364, 0.03543605513336441, -0.08208445649487717, -0.9959951947667993, -0.9749813133568297, -0.2216796378553847, -0.01641879305311543], "cam_t_m2c": [-223.66511670668896, -105.48292483729418, 939.2490401244467], "obj_id": 475}, {"cam_R_m2c": [-0.7624327644948883, -0.5628875682106211, -0.31914552351338177, -0.468958796525914, 0.14084704830015096, 0.8719172874453605, -0.44584069664586445, 0.8144444085013335, -0.37135748097387516], "cam_t_m2c": [180.43110931866585, 50.58215439231961, 905.7163519693239], "obj_id": 482}, {"cam_R_m2c": [0.20404863444254412, -0.024556185475715392, -0.9786527211105266, -0.5222639990805249, -0.8482719553887973, -0.08760710567812077, -0.828012361046955, 0.5289911941193013, -0.18591354576169855], "cam_t_m2c": [80.26276538016391, 27.903052697116294, 933.917452369728], "obj_id": 416}, {"cam_R_m2c": [0.13907745833660662, 0.7528866034317692, 0.6432878227944351, -0.5152943732920422, 0.6097486754451946, -0.6022277489840411, -0.8456531023038925, -0.24772629082478304, 0.4727605264803772], "cam_t_m2c": [-248.10564006475343, 212.4510516452215, 984.1460399616207], "obj_id": 417}, {"cam_R_m2c": [-0.1921808541077457, -0.9112921689511448, 0.36416081903842923, 0.4870197706137064, -0.41072210261188813, -0.7707912152181313, 0.8519848956089494, 0.02922220447522718, 0.5227502275655351], "cam_t_m2c": [-78.32288596837641, 276.83696565009586, 977.6558843155545], "obj_id": 418}, {"cam_R_m2c": [-0.32771708333650473, 0.9218205376016613, -0.20699857425881596, 0.8911249236776029, 0.37437845972877287, 0.2563925492125304, 0.31384372494922896, -0.10043737027061624, -0.9441474731010613], "cam_t_m2c": [-236.10703511431288, -100.85393796291103, 991.6746358339258], "obj_id": 578}, {"cam_R_m2c": [-0.3526241895827502, 0.9250398457211791, 0.14127089137273818, 0.7556145517148227, 0.3705294126706009, -0.5401431324961798, -0.5519989403594125, -0.0837211931001888, -0.8296312022024993], "cam_t_m2c": [-248.38867417487654, -78.38703864103289, 962.9583566055223], "obj_id": 579}], "15": [{"cam_R_m2c": [0.42652338517045757, -0.8452733158248831, 0.32185528340722647, -0.25135486694384473, 0.2310574293036444, 0.9399112698692544, -0.8688489700554296, -0.4817940285204907, -0.11391216491497684], "cam_t_m2c": [-166.11467613969356, 198.18873979618104, 919.8310891826198], "obj_id": 473}, {"cam_R_m2c": [-0.2468745132170765, 0.9644482439036788, -0.09430036879552975, 0.030414681512148975, -0.08955282479511856, -0.9955175732852527, -0.968570039735057, -0.24863603198723264, -0.00722507614477369], "cam_t_m2c": [-230.32834978030155, -122.57021729805085, 922.7656468662768], "obj_id": 475}, {"cam_R_m2c": [-0.777611230674323, -0.5386341984320901, -0.3243362055161276, -0.4671324861190024, 0.14965872063041927, 0.871429577046545, -0.4208420301508227, 0.8291414038743358, -0.3679898341528582], "cam_t_m2c": [173.58077961924607, 30.765012442925705, 876.7196641341162], "obj_id": 482}, {"cam_R_m2c": [0.17726934866985855, -0.014593795153913264, -0.9840541647517138, -0.5289253220123528, -0.8446238906649194, -0.08275558622955367, -0.8299479391843173, 0.535161194838598, -0.15744495477033535], "cam_t_m2c": [74.1207821979021, 8.892085413246626, 907.906597631619], "obj_id": 416}, {"cam_R_m2c": [0.1118656758935283, 0.7491845521444233, 0.6528465190112033, -0.5216687998694586, 0.6034374552814962, -0.6030960958306266, -0.8457823205764291, -0.2731039076826856, 0.4583301449924535], "cam_t_m2c": [-251.5710941029301, 195.7960833595389, 966.2022397071605], "obj_id": 417}, {"cam_R_m2c": [-0.16493637591994503, -0.9125433069619229, 0.37424685011018677, 0.49376584690667197, -0.40486714109757516, -0.7695959241628131, 0.8538098619288335, 0.057855950242635096, 0.5173600377827717], "cam_t_m2c": [-81.65790459591987, 259.08480990362693, 954.4592948002584], "obj_id": 418}, {"cam_R_m2c": [-0.3132962718358011, 0.9208229482836604, -0.23222950710010826, 0.8951731555657249, 0.36799373660927526, 0.2514868413473121, 0.3170338587726822, -0.12909573087639997, -0.9395870500710374], "cam_t_m2c": [-241.24580318268335, -117.52127241744523, 975.4912507550742], "obj_id": 578}, {"cam_R_m2c": [-0.36363834467173545, 0.9244933077632397, 0.11436467192881918, 0.7541569985254607, 0.3642342786653094, -0.5464253030563544, -0.5468220696528867, -0.11245227497097725, -0.8296626483061549], "cam_t_m2c": [-254.20417810705237, -95.16708362923863, 946.9851868595149], "obj_id": 579}], "16": [{"cam_R_m2c": [0.4558829097101508, -0.8307395954224779, 0.31944091352159026, -0.26660119821208045, 0.21497051354779487, 0.9395272637964696, -0.8491728762425791, -0.5134777530743652, -0.12347478832380263], "cam_t_m2c": [-177.80769209405565, 197.55313965564994, 880.5714670672334], "obj_id": 473}, {"cam_R_m2c": [-0.21570961009798884, 0.9725063537096756, -0.0877539520803177, 0.008306403511970928, -0.0880389070088359, -0.9960824034754427, -0.9764222282251126, -0.21559346661490153, 0.010912808112459774], "cam_t_m2c": [-240.0634805652807, -123.51291746062235, 888.2604095847155], "obj_id": 475}, {"cam_R_m2c": [-0.760686684516507, -0.5660134618207303, -0.3177806303678855, -0.48129367048484895, 0.1633129864060695, 0.8612115136378097, -0.4355596064266359, 0.808057936975352, -0.3966487107512517], "cam_t_m2c": [164.1474748448176, 31.63156510626111, 851.9533431471986], "obj_id": 482}, {"cam_R_m2c": [0.2072554765067977, -0.026524114596848503, -0.9779272154934718, -0.5450225682437411, -0.8332577395913773, -0.0929082316916979, -0.8124011124825833, 0.5522481423743653, -0.1871534709299514], "cam_t_m2c": [63.873387870102746, 9.726850535382109, 880.389795208465], "obj_id": 416}, {"cam_R_m2c": [0.14235188147939462, 0.75378806978809, 0.6415134353109231, -0.5385569520481801, 0.6027656051940343, -0.5887529486937937, -0.8304771828532419, -0.26168143044590386, 0.4917626233457907], "cam_t_m2c": [-264.69778372353693, 195.54102542551897, 924.2162966561551], "obj_id": 417}, {"cam_R_m2c": [-0.19547719374453817, -0.9113690792874916, 0.3622085974192677, 0.5104597894834173, -0.4099119560829858, -0.7559120263501345, 0.8373884821552705, 0.03712936275905113, 0.5453457072122252], "cam_t_m2c": [-94.89585608445037, 259.75163889064555, 916.5904118165754], "obj_id": 418}, {"cam_R_m2c": [-0.32897859849695343, 0.922172719538736, -0.2033975345708363, 0.8994398613138389, 0.3716063691810929, 0.2300361759893198, 0.28771690532662275, -0.10726687150540284, -0.951689445495072], "cam_t_m2c": [-252.70648032813892, -117.43191847499976, 940.4892133903951], "obj_id": 578}, {"cam_R_m2c": [-0.3505589471180248, 0.9253282266820